# velocities of 10 particles in Angs/fs; consider mass = 1.0
# particle       vx        vy       vz
1              1.10       1.03    -1.1 
2             -1.20       1.3      1.1 
3              1.10      -1.3      1.1 
4              1.10      -1.03    -1.1 
5             -1.10      -1.03     1.1 
6              0.90       1.0      1.1 
7              0.90      -1.0      1.1 
8             -0.90       1.0      1.1 
9              0.90      -1.0     -1.1 
10            -0.90      -1.0      1.1 
