3.000000000000000000e+00 2.000000000000000000e+00
3.500000000000000000e+00 -5.366209994370692016e-01
4.000000000000000000e+00 -9.396310339553114455e-01
4.500000000000000000e+00 -6.057079616480034456e-01
5.000000000000000000e+00 -3.563708140143720393e-01
5.500000000000000000e+00 -2.107742824288777461e-01
6.000000000000000000e+00 -1.280568534514291423e-01
6.500000000000000000e+00 -8.025375018746307154e-02
7.000000000000000000e+00 -5.183283070416534050e-02
7.500000000000000000e+00 -3.441754606082824547e-02
8.000000000000000000e+00 -2.343293676060920205e-02
8.500000000000000000e+00 -1.631689113599999255e-02
9.000000000000000000e+00 -1.159348973424147167e-02
9.500000000000000000e+00 -8.388382517452537199e-03
1.000000000000000000e+01 -6.169671981265224293e-03
1.050000000000000000e+01 -4.605711966717044269e-03
1.100000000000000000e+01 -3.484965730760417046e-03
1.150000000000000000e+01 -2.669662160934801239e-03
1.200000000000000000e+01 -2.068336881298121765e-03
1.250000000000000000e+01 -1.619188860988995081e-03
1.300000000000000000e+01 -1.279777183149216884e-03
1.350000000000000000e+01 -1.020516519048013295e-03
1.400000000000000000e+01 -8.204954327769879360e-04
1.450000000000000000e+01 -6.647422591164153490e-04
