3.000000000000000000e+00 1.133333333333333304e+00
3.500000000000000000e+00 9.714285714285714191e-01
4.000000000000000000e+00 8.499999999999999778e-01
4.500000000000000000e+00 7.555555555555555358e-01
5.000000000000000000e+00 6.799999999999999378e-01
5.500000000000000000e+00 6.181818181818181657e-01
6.000000000000000000e+00 5.666666666666666519e-01
6.500000000000000000e+00 5.230769230769231060e-01
7.000000000000000000e+00 4.857142857142857095e-01
7.500000000000000000e+00 4.533333333333333104e-01
8.000000000000000000e+00 4.249999999999999889e-01
8.500000000000000000e+00 3.999999999999999667e-01
9.000000000000000000e+00 3.777777777777777679e-01
9.500000000000000000e+00 3.578947368421052655e-01
1.000000000000000000e+01 3.399999999999999689e-01
1.050000000000000000e+01 3.238095238095238249e-01
1.100000000000000000e+01 3.090909090909090828e-01
1.150000000000000000e+01 2.956521739130434923e-01
1.200000000000000000e+01 2.833333333333333259e-01
1.250000000000000000e+01 2.720000000000000195e-01
1.300000000000000000e+01 2.615384615384615530e-01
1.350000000000000000e+01 2.518518518518518268e-01
1.400000000000000000e+01 2.428571428571428548e-01
1.450000000000000000e+01 2.344827586206896519e-01
