3.000000000000000000e+00 2.000000000000000000e+00
3.500000000000000000e+00 7.483568304270121763e-01
4.000000000000000000e+00 1.968744043407225919e-01
4.500000000000000000e+00 6.062671438907845517e-02
5.000000000000000000e+00 2.113922820157208837e-02
5.500000000000000000e+00 8.150087576835631648e-03
6.000000000000000000e+00 3.414103372536367136e-03
6.500000000000000000e+00 1.533400512224264390e-03
7.000000000000000000e+00 7.308172172138790784e-04
7.500000000000000000e+00 3.665865582551749600e-04
8.000000000000000000e+00 1.922601604889869061e-04
8.500000000000000000e+00 1.048575999999999090e-04
9.000000000000000000e+00 5.920577577058442888e-05
9.500000000000000000e+00 3.447887742963980686e-05
1.000000000000000000e+01 2.064377754059774255e-05
1.050000000000000000e+01 1.267348863532003217e-05
1.100000000000000000e+01 7.959069899253546531e-06
1.150000000000000000e+01 5.102826084617829904e-06
1.200000000000000000e+01 3.334085324742546031e-06
1.250000000000000000e+01 2.216608735069168828e-06
1.300000000000000000e+01 1.497461437719008194e-06
1.350000000000000000e+01 1.026718731715666952e-06
1.400000000000000000e+01 7.136886886854287875e-07
1.450000000000000000e+01 5.024688554971417961e-07
